1 10
100 200
201 210
900 1000
1200 1299
230000 232500
1 3
145100 145300
1759 1900
999000 999999
802000 805000
343000 343300
567222 569000
6000 11000
33000 33434
390000 395000
678 1000
4523 6000
7000 13000
88888 92000
898000 900000
767555 767999
123456 125678
86999 92000
1 5000
756 5756
7890 11000
34 847
67439 71000
167000 175000
84756 91837
90000 95000
120000 130000
4905 9032
12 12000
389 9003
78400 93000
145 388
453000 455600
49000 53000
682 9840
6589 11200
9800 11500
130499 130502
877 8779
40333 47893
47 947
10000 14000
2674 3189
5000 8755
39000 43500
560000 567890
689432 693040
110004 110999
392000 395066
493200 500000
70344 77888
770000 777000
504 12345
76300 79000
15555 16000
493333 496000
8288 10000
5 500
456 459
12000 94888
405000 409999
59488 64000
584999 585999
200000 204050
867990 868000
67888 69000
584999 595000
493 6789
3000 9000
45600 49999
87555 90000
10 999
390 844
90300 100000
784999 792000
909000 911232
3044 7700
49000 53433
4098 5000
402 503
899 8999
906 2000
4999 6999
30002 40000
5666 9099
490 2333
40000 50000
90333 93033
9875 13000
59300 62300
493333 500000
8699 10000
13 938
488 3999
48000 50000
9009 14000
664777 668000
968000 999000
999000 999789
904000 910000
388444 392009
3820 4560
493333 497800
58000 63456
59222 62460
79040 81009
720 1170
200200 200900
210909 223000
694000 700000
59040 78000
489000 517000
759300 767000
95000 100000
103900 111999
1030 2030
40000 50000
90400 109000
390444 400000
593000 595999
203888 300000
49300 56700 
5 10000
2 19
40 5670
593 6789
490 2300
495000 506799
789000 820000
5940 8900
594 1345
960 112300
4903 5000
6930 7888
6950 7500
8300 20000
50 56
1 101
3000 4000
609 6200
594 679
345988 356091
23444 30000
6 7891
200 700
20300 24000
450 690
23999 28000
4930 5467
302 506
